0.01 0.496401 6 0.5 3695.35 9414.8 18.1832 2.5929 0 
0.01 0.496401 13 1 8770.37 8775.21 111.073 0.000169793 1 
0.01 0.496401 19 1.5 8229.11 8261.69 151.849 4.40299e-08 1 
0.01 0.496401 26 2 7722.87 7700.43 210.467 2.88325e-12 1 
0.01 0.496401 33 2.5 7158.8 7177.31 239.832 1.88806e-16 1 
0.01 0.496401 39 3 6720.45 6757.29 305.029 4.89603e-20 1 
0.01 0.496401 46 3.5 6305.39 6298.24 288.855 3.20611e-24 1 
0.01 0.496401 53 4 5810.81 5870.37 376.634 2.09948e-28 1 
0.01 0.496401 59 4.5 5538.6 5526.83 365.493 5.44428e-32 1 
0.01 0.496401 66 5 5179.48 5151.37 373.475 3.56512e-36 1 
0.01 0.496401 73 5.5 4783.58 4801.41 365.446 2.33458e-40 1 
0.01 0.496401 79 6 4557.62 4520.44 399.009 6.05392e-44 1 
0.01 0.496401 86 6.5 4123.56 4213.34 461.21 3.96434e-48 1 
0.01 0.496401 93 7 3866.36 3927.11 438.683 2.596e-52 1 
0.01 0.496401 99 7.5 3693.43 3697.3 447.206 6.73183e-56 1 
0.01 0.496401 106 8 3424.57 3446.12 449.948 4.40826e-60 1 
0.01 0.496401 112 8.5 3310.72 3244.46 447.118 1.14313e-63 1 
0.01 0.496401 119 9 2947.46 3024.04 402.303 7.48565e-68 1 
0.01 0.496401 126 9.5 2808.07 2818.61 403.587 4.90189e-72 1 
0.01 0.496401 132 10 2732.42 2653.66 472.786 1.27114e-75 1 
0.01 0.496401 139 10.5 2478.71 2473.39 418.007 8.32388e-80 1 
0.01 0.496401 146 11 2302.77 2305.36 497.105 5.45079e-84 1 
0.01 0.496401 152 11.5 2179.13 2170.45 419.834 1.41348e-87 1 
0.01 0.496401 159 12 1977.92 2023 494.165 9.25597e-92 1 
0.01 0.496401 166 12.5 1864.03 1885.57 412.735 6.06116e-96 1 
0.01 0.496401 172 13 1768.94 1775.23 443.492 1.57175e-99 1 
0.01 0.496401 179 13.5 1614.14 1654.63 435.629 1.02924e-103 1 
0.01 0.496401 186 14 1559.41 1542.22 394.495 6.73988e-108 1 
0.01 0.496401 192 14.5 1417.77 1451.97 399.321 1.74776e-111 1 
0.01 0.496401 199 15 1352.22 1353.33 400.06 1.1445e-115 1 
0.01 0.496401 205 15.5 1331.93 1274.13 382.721 2.96786e-119 1 
0.01 0.496401 212 16 1254.37 1187.58 389.717 1.94347e-123 1 
0.01 0.496401 219 16.5 1094.14 1106.9 344.004 1.27266e-127 1 
0.01 0.496401 225 17 1054.12 1042.12 313.462 3.3002e-131 1 
0.01 0.496401 232 17.5 975.24 971.326 324.798 2.16109e-135 1 
0.01 0.496401 239 18 882.83 905.34 363.853 1.41517e-139 1 
0.01 0.496401 245 18.5 882.61 852.359 379.426 3.66975e-143 1 
0.01 0.496401 252 19 813.91 794.455 347.161 2.40309e-147 1 
0.01 0.496401 259 19.5 753.04 740.484 344.242 1.57363e-151 1 
0.01 0.496401 265 20 670.49 697.151 280.417 4.08068e-155 1 
0.01 0.496401 272 20.5 607.15 649.79 274.539 2.67218e-159 1 
0.01 0.496401 279 21 554.78 605.647 296.643 1.74985e-163 1 
0.01 0.496401 285 21.5 624.3 570.204 335.484 4.53762e-167 1 
0.01 0.496401 292 22 537.42 531.468 262.289 2.97141e-171 1 
0.01 0.496401 298 22.5 491.39 500.366 263.988 7.70533e-175 1 
0.01 0.496401 305 23 464.32 466.374 263.927 5.04574e-179 1 
0.01 0.496401 312 23.5 404.13 434.691 249.263 3.30414e-183 1 
0.01 0.496401 318 24 438.43 409.253 300.546 8.56816e-187 1 
0.01 0.496401 325 24.5 435.67 381.451 276.499 5.61075e-191 1 
0.01 0.496401 332 25 373.8 355.537 247.282 3.67413e-195 1 
0.01 0.496401 338 25.5 338.5 334.731 223.726 9.5276e-199 1 
0.01 0.496401 345 26 349.16 311.991 238.667 6.23904e-203 1 
0.01 0.496401 352 26.5 278.81 290.796 204.979 4.08556e-207 1 
0.01 0.496401 358 27 265.46 273.779 204.25 1.05945e-210 1 
0.01 0.496401 365 27.5 274.95 255.18 230.455 6.93767e-215 1 
0.01 0.496401 372 28 226.63 237.844 201.824 4.54305e-219 1 
0.01 0.496401 378 28.5 247.2 223.926 224.019 1.17808e-222 1 
0.01 0.496401 385 29 195.95 208.713 187.345 7.71454e-227 1 
0.01 0.496401 391 29.5 205.62 196.499 196.487 2.0005e-230 1 
0.01 0.496401 398 30 178.27 183.15 178.208 1.31e-234 1 
0.01 0.496401 405 30.5 173.97 170.708 168.788 8.5784e-239 1 
0.01 0.496401 411 31 159.32 160.718 168.067 2.22451e-242 1 
0.01 0.496401 418 31.5 143.29 149.8 154.876 1.4567e-246 1 
0.01 0.496401 425 32 141.98 139.623 156.875 9.53899e-251 1 
0.01 0.496401 431 32.5 136.49 131.453 159.166 2.47361e-254 1 
0.01 0.496401 438 33 152.33 122.522 184.436 1.61981e-258 1 
0.01 0.496401 445 33.5 123.49 114.199 157.807 1.06072e-262 1 
0.01 0.496401 451 34 87.91 107.516 160.7 2.7506e-266 1 
0.01 0.496401 458 34.5 91.41 100.212 111.488 1.8012e-270 1 
0.01 0.496401 465 35 93.64 93.404 128.811 1.17949e-274 1 
0.01 0.496401 471 35.5 79.98 87.938 115.659 3.05861e-278 1 
0.01 0.496401 478 36 80.3 81.964 128.036 2.00289e-282 1 
0.01 0.496401 485 36.5 93.1 76.3958 146.1 1.31157e-286 1 
0.01 0.496401 491 37 89.31 71.9251 136.693 3.40111e-290 1 
0.01 0.496401 498 37.5 69.07 67.0389 113.328 2.22717e-294 1 
0.01 0.496401 504 38 63.22 63.1158 107.101 5.77541e-298 1 
0.01 0.496401 511 38.5 46.85 58.828 91.9001 3.78196e-302 1 
0.01 0.496401 518 39 40.27 54.8316 75.7849 0 1 
0.01 0.496401 524 39.5 54.01 51.6228 88.6751 0 1 
0.01 0.496401 531 40 45.47 48.1159 102.543 0 1 
0.01 0.496401 538 40.5 33.88 44.8471 83.6999 0 1 
0.01 0.496401 544 41 40.78 42.2227 95.632 0 1 
0.01 0.496401 551 41.5 37.8 39.3543 80.9622 0 1 
0.01 0.496401 558 42 31.61 36.6808 80.8286 0 1 
0.01 0.496401 564 42.5 32.55 34.5342 69.6157 0 1 
0.01 0.496401 571 43 30.19 32.1882 67.3532 0 1 
0.01 0.496401 578 43.5 30.46 30.0015 66.6241 0 1 
0.01 0.496401 584 44 42.41 28.2458 90.6809 0 1 
0.01 0.496401 591 44.5 16.58 26.3269 54.0217 0 1 
0.01 0.496401 597 45 23.09 24.7863 65.8049 0 1 
0.01 0.496401 604 45.5 12.78 23.1024 41.3663 0 1 
0.01 0.496401 611 46 15.38 21.533 48.9928 0 1 
0.01 0.496401 617 46.5 13.86 20.2729 54.4081 0 1 
0.01 0.496401 624 47 17.47 18.8956 50.5955 0 1 
0.01 0.496401 631 47.5 14.27 17.612 55.0924 0 1 
0.01 0.496401 637 48 17.28 16.5813 48.0423 0 1 
0.01 0.496401 644 48.5 16.61 15.4549 57.3058 0 1 
0.01 0.496401 651 49 12.75 14.4049 52.6195 0 1 
0.01 0.496401 657 49.5 7.31 13.562 26.88 0 1 
0.01 0.496401 664 50 13.78 12.6406 52.0587 0 1 
