0.01 0.496401 664 50 13.9 12.6406 42.1861 0 1 
0.01 0.496401 671 50.5 13.99 11.7819 47.2761 0 1 
0.01 0.496401 677 51 9.22 11.0924 34.6885 0 1 
0.01 0.496401 684 51.5 15.05 10.3389 53.8848 0 1 
0.01 0.496401 690 52 4.9 9.73384 19.4378 0 1 
0.01 0.496401 697 52.5 9.11 9.07258 41.0723 0 1 
0.01 0.496401 704 53 10.29 8.45623 45.8389 0 1 
0.01 0.496401 710 53.5 4.26 7.96138 24.1866 0 1 
0.01 0.496401 717 54 16.96 7.42052 61.7275 0 1 
0.01 0.496401 724 54.5 7.09 6.91641 40.198 0 1 
0.01 0.496401 730 55 5.38 6.51167 20.5308 0 1 
0.01 0.496401 737 55.5 8.22 6.0693 34.7403 0 1 
0.01 0.496401 744 56 2.85 5.65698 16.7155 0 1 
0.01 0.496401 750 56.5 7.43 5.32594 30.8406 0 1 
0.01 0.496401 757 57 3.35 4.96412 17.0531 0 1 
0.01 0.496401 764 57.5 4.88 4.62688 27.9257 0 1 
0.01 0.496401 770 58 2.14 4.35612 13.0943 0 1 
0.01 0.496401 777 58.5 1.32 4.06019 12.1695 0 1 
0.01 0.496401 783 59 10.4 3.82259 60.1556 0 1 
0.01 0.496401 790 59.5 3.55 3.5629 29.7006 0 1 
0.01 0.496401 797 60 6.91 3.32086 36.5637 0 1 
0.01 0.496401 803 60.5 0.51 3.12652 4.51109 0 1 
0.01 0.496401 810 61 3.1 2.91412 21.1156 0 1 
0.01 0.496401 817 61.5 0 2.71615 0 0 1 
0.01 0.496401 823 62 3.35 2.5572 20.1238 0 1 
0.01 0.496401 830 62.5 4.34 2.38348 28.118 0 1 
0.01 0.496401 837 63 0 2.22156 0 0 1 
0.01 0.496401 843 63.5 1.47 2.09155 10.2347 0 1 
0.01 0.496401 850 64 0 1.94946 0 0 1 
0.01 0.496401 857 64.5 3.02 1.81703 16.3162 0 1 
0.01 0.496401 863 65 1.38 1.7107 8.38425 0 1 
0.01 0.496401 870 65.5 3.09 1.59448 21.6717 0 1 
0.01 0.496401 876 66 0 1.50117 0 0 1 
0.01 0.496401 883 66.5 0 1.39919 0 0 1 
0.01 0.496401 890 67 0.6 1.30414 4.34281 0 1 
0.01 0.496401 896 67.5 1.42 1.22782 14.1288 0 1 
0.01 0.496401 903 68 1.35 1.14441 13.4323 0 1 
0.01 0.496401 910 68.5 1.4 1.06666 13.9298 0 1 
0.01 0.496401 916 69 0 1.00424 0 0 1 
0.01 0.496401 923 69.5 0 0.936019 0 0 1 
0.01 0.496401 930 70 2.07 0.872431 11.9233 0 1 
0.01 0.496401 936 70.5 0 0.821376 0 0 1 
0.01 0.496401 943 71 0.71 0.765576 7.06441 0 1 
0.01 0.496401 950 71.5 0 0.713567 0 0 1 
0.01 0.496401 956 72 0 0.671809 0 0 1 
0.01 0.496401 963 72.5 0 0.62617 0 0 1 
0.01 0.496401 970 73 1.27 0.583632 12.6363 0 1 
0.01 0.496401 976 73.5 0 0.549478 0 0 1 
0.01 0.496401 983 74 0 0.512149 0 0 1 
0.01 0.496401 989 74.5 0 0.482178 0 0 1 
0.01 0.496401 996 75 0 0.449421 0 0 1 
0.01 0.496401 1003 75.5 0 0.41889 0 0 1 
0.01 0.496401 1009 76 0 0.394377 0 0 1 
0.01 0.496401 1016 76.5 0 0.367585 0 0 1 
0.01 0.496401 1023 77 0.54 0.342613 5.37293 0 1 
0.01 0.496401 1029 77.5 0.75 0.322564 7.46241 0 1 
0.01 0.496401 1036 78 0 0.30065 0 0 1 
0.01 0.496401 1043 78.5 0 0.280226 0 0 1 
0.01 0.496401 1049 79 1.58 0.263827 15.7208 0 1 
0.01 0.496401 1056 79.5 0 0.245904 0 0 1 
0.01 0.496401 1063 80 0 0.229199 0 0 1 
0.01 0.496401 1069 80.5 0 0.215786 0 0 1 
0.01 0.496401 1076 81 1.78 0.201127 17.7108 0 1 
0.01 0.496401 1082 81.5 0 0.189357 0 0 1 
0.01 0.496401 1089 82 0 0.176493 0 0 1 
0.01 0.496401 1096 82.5 0 0.164503 0 0 1 
0.01 0.496401 1102 83 0 0.154876 0 0 1 
0.01 0.496401 1109 83.5 0 0.144355 0 0 1 
0.01 0.496401 1116 84 0.62 0.134548 6.16892 0 1 
0.01 0.496401 1122 84.5 0 0.126674 0 0 1 
0.01 0.496401 1129 85 0 0.118069 0 0 1 
0.01 0.496401 1136 85.5 0 0.110048 0 0 1 
0.01 0.496401 1142 86 0 0.103608 0 0 1 
0.01 0.496401 1149 86.5 0 0.0965692 0 0 1 
0.01 0.496401 1156 87 0 0.0900088 0 0 1 
0.01 0.496401 1162 87.5 0 0.0847415 0 0 1 
0.01 0.496401 1169 88 0 0.0789846 0 0 1 
0.01 0.496401 1175 88.5 0 0.0743624 0 0 1 
0.01 0.496401 1182 89 0 0.0693107 0 0 1 
0.01 0.496401 1189 89.5 0 0.0646021 0 0 1 
0.01 0.496401 1195 90 0 0.0608216 0 0 1 
0.01 0.496401 1202 90.5 0 0.0566897 0 0 1 
0.01 0.496401 1209 91 0 0.0528385 0 0 1 
0.01 0.496401 1215 91.5 0 0.0497464 0 0 1 
0.01 0.496401 1222 92 0 0.0463669 0 0 1 
0.01 0.496401 1229 92.5 0 0.043217 0 0 1 
0.01 0.496401 1235 93 0 0.0406879 0 0 1 
0.01 0.496401 1242 93.5 0 0.0379238 0 0 1 
0.01 0.496401 1249 94 0 0.0353474 0 0 1 
0.01 0.496401 1255 94.5 0 0.0332789 0 0 1 
0.01 0.496401 1262 95 0 0.0310181 0 0 1 
0.01 0.496401 1268 95.5 0 0.029203 0 0 1 
0.01 0.496401 1275 96 0 0.0272191 0 0 1 
0.01 0.496401 1282 96.5 0 0.0253699 0 0 1 
0.01 0.496401 1288 97 0 0.0238853 0 0 1 
0.01 0.496401 1295 97.5 0 0.0222627 0 0 1 
0.01 0.496401 1302 98 0 0.0207503 0 0 1 
0.01 0.496401 1308 98.5 0 0.0195359 0 0 1 
0.01 0.496401 1315 99 0 0.0182088 0 0 1 
0.01 0.496401 1322 99.5 0 0.0169718 0 0 1 
0.01 0.496401 1328 100 0 0.0159786 0 0 1 
