0.2 0.430677 6 0.5 3444.01 2621.44 20.6526 9.31229 1 
0.2 0.430677 13 1 543.36 549.756 58.507 0.00271023 1 
0.2 0.430677 19 1.5 144.2 144.115 29.1187 2.5241e-06 1 
0.2 0.430677 26 2 32.86 30.2231 17.9794 7.34611e-10 1 
0.2 0.430677 33 2.5 6.7 6.33825 9.25041 2.138e-13 1 
0.2 0.430677 39 3 1.69 1.66153 3.27015 1.99117e-16 1 
0.2 0.430677 46 3.5 0.67 0.348449 3.00684 5.79506e-20 1 
0.2 0.430677 53 4 0.07 0.0730751 0.604235 1.68658e-23 1 
0.2 0.430677 59 4.5 0 0.0191562 0 1.57075e-26 1 
0.2 0.430677 66 5 0 0.00401735 0 4.57149e-30 1 
0.2 0.430677 73 5.5 0 0.000842498 0 1.33048e-33 1 
0.2 0.430677 79 6 0 0.000220856 0 1.23911e-36 1 
0.2 0.430677 86 6.5 0 4.63168e-05 0 3.60627e-40 1 
0.2 0.430677 93 7 0 9.71334e-06 0 1.04956e-43 1 
0.2 0.430677 99 7.5 0 2.5463e-06 0 9.77482e-47 1 
0.2 0.430677 106 8 0 5.33997e-07 0 2.84485e-50 1 
0.2 0.430677 112 8.5 0 1.39984e-07 0 2.64947e-53 1 
0.2 0.430677 119 9 0 2.93565e-08 0 7.71097e-57 1 
0.2 0.430677 126 9.5 0 6.15619e-09 0 2.24419e-60 1 
0.2 0.430677 132 10 0 1.61426e-09 0 2.09006e-63 1 
0.2 0.430677 139 10.5 0 3.38618e-10 0 6.08288e-67 1 
0.2 0.430677 146 11 0 7.10543e-11 0 1.77035e-70 1 
0.2 0.430677 152 11.5 0 1.88738e-11 0 1.64877e-73 1 
0.2 0.430677 159 12 0 4.44089e-12 0 4.79855e-77 1 
0.2 0.430677 166 12.5 0 1.11022e-12 0 1.39656e-80 1 
0.2 0.430677 172 13 0 0 0 1.30065e-83 1 
0.2 0.430677 179 13.5 0 0 0 3.78539e-87 1 
0.2 0.430677 186 14 0 0 0 1.10169e-90 1 
0.2 0.430677 192 14.5 0 0 0 1.02603e-93 1 
0.2 0.430677 199 15 0 0 0 2.98614e-97 1 
0.2 0.430677 205 15.5 0 0 0 2.78106e-100 1 
0.2 0.430677 212 16 0 0 0 8.09396e-104 1 
0.2 0.430677 219 16.5 0 0 0 2.35565e-107 1 
0.2 0.430677 225 17 0 0 0 2.19387e-110 1 
0.2 0.430677 232 17.5 0 0 0 6.38501e-114 1 
0.2 0.430677 239 18 0 0 0 1.85828e-117 1 
0.2 0.430677 245 18.5 0 0 0 1.73066e-120 1 
0.2 0.430677 252 19 0 0 0 5.03688e-124 1 
0.2 0.430677 259 19.5 0 0 0 1.46593e-127 1 
0.2 0.430677 265 20 0 0 0 1.36525e-130 1 
0.2 0.430677 272 20.5 0 0 0 3.9734e-134 1 
0.2 0.430677 279 21 0 0 0 1.15641e-137 1 
0.2 0.430677 285 21.5 0 0 0 1.07699e-140 1 
0.2 0.430677 292 22 0 0 0 3.13446e-144 1 
0.2 0.430677 298 22.5 0 0 0 2.91919e-147 1 
0.2 0.430677 305 23 0 0 0 8.49597e-151 1 
0.2 0.430677 312 23.5 0 0 0 2.47265e-154 1 
0.2 0.430677 318 24 0 0 0 2.30284e-157 1 
0.2 0.430677 325 24.5 0 0 0 6.70214e-161 1 
0.2 0.430677 332 25 0 0 0 1.95058e-164 1 
0.2 0.430677 338 25.5 0 0 0 1.81662e-167 1 
0.2 0.430677 345 26 0 0 0 5.28706e-171 1 
0.2 0.430677 352 26.5 0 0 0 1.53874e-174 1 
0.2 0.430677 358 27 0 0 0 1.43306e-177 1 
0.2 0.430677 365 27.5 0 0 0 4.17075e-181 1 
0.2 0.430677 372 28 0 0 0 1.21385e-184 1 
0.2 0.430677 378 28.5 0 0 0 1.13048e-187 1 
0.2 0.430677 385 29 0 0 0 3.29014e-191 1 
0.2 0.430677 391 29.5 0 0 0 3.06419e-194 1 
0.2 0.430677 398 30 0 0 0 8.91795e-198 1 
0.2 0.430677 405 30.5 0 0 0 2.59547e-201 1 
0.2 0.430677 411 31 0 0 0 2.41722e-204 1 
0.2 0.430677 418 31.5 0 0 0 7.03502e-208 1 
0.2 0.430677 425 32 0 0 0 2.04746e-211 1 
0.2 0.430677 431 32.5 0 0 0 1.90685e-214 1 
0.2 0.430677 438 33 0 0 0 5.54966e-218 1 
0.2 0.430677 445 33.5 0 0 0 1.61516e-221 1 
0.2 0.430677 451 34 0 0 0 1.50424e-224 1 
0.2 0.430677 458 34.5 0 0 0 4.37791e-228 1 
0.2 0.430677 465 35 0 0 0 1.27414e-231 1 
0.2 0.430677 471 35.5 0 0 0 1.18663e-234 1 
0.2 0.430677 478 36 0 0 0 3.45356e-238 1 
0.2 0.430677 485 36.5 0 0 0 1.00512e-241 1 
0.2 0.430677 491 37 0 0 0 9.36089e-245 1 
0.2 0.430677 498 37.5 0 0 0 2.72438e-248 1 
0.2 0.430677 504 38 0 0 0 2.53727e-251 1 
0.2 0.430677 511 38.5 0 0 0 7.38444e-255 1 
0.2 0.430677 518 39 0 0 0 2.14916e-258 1 
0.2 0.430677 524 39.5 0 0 0 2.00156e-261 1 
0.2 0.430677 531 40 0 0 0 5.8253e-265 1 
0.2 0.430677 538 40.5 0 0 0 1.69538e-268 1 
0.2 0.430677 544 41 0 0 0 1.57895e-271 1 
0.2 0.430677 551 41.5 0 0 0 4.59535e-275 1 
0.2 0.430677 558 42 0 0 0 1.33742e-278 1 
0.2 0.430677 564 42.5 0 0 0 1.24557e-281 1 
0.2 0.430677 571 43 0 0 0 3.62509e-285 1 
0.2 0.430677 578 43.5 0 0 0 1.05504e-288 1 
0.2 0.430677 584 44 0 0 0 9.82583e-292 1 
0.2 0.430677 591 44.5 0 0 0 2.85969e-295 1 
0.2 0.430677 597 45 0 0 0 2.6633e-298 1 
0.2 0.430677 604 45.5 0 0 0 7.75121e-302 1 
0.2 0.430677 611 46 0 0 0 0 1 
0.2 0.430677 617 46.5 0 0 0 0 1 
0.2 0.430677 624 47 0 0 0 0 1 
0.2 0.430677 631 47.5 0 0 0 0 1 
0.2 0.430677 637 48 0 0 0 0 1 
0.2 0.430677 644 48.5 0 0 0 0 1 
0.2 0.430677 651 49 0 0 0 0 1 
0.2 0.430677 657 49.5 0 0 0 0 1 
0.2 0.430677 664 50 0 0 0 0 1 
