0.05 0.48216 6 0.5 3575.68 7350.92 21.5253 3.32089 0 
0.05 0.48216 13 1 5160.64 5133.42 183.068 0.000290248 1 
0.05 0.48216 19 1.5 3735.23 3773.54 206.569 9.6398e-08 1 
0.05 0.48216 26 2 2604.22 2635.2 184.15 8.42526e-12 1 
0.05 0.48216 33 2.5 1860.55 1840.26 188.447 7.36373e-16 1 
0.05 0.48216 39 3 1345.39 1352.76 168.845 2.44566e-19 1 
0.05 0.48216 46 3.5 945.43 944.682 137.313 2.13752e-23 1 
0.05 0.48216 53 4 638.79 659.707 126.415 1.86821e-27 1 
0.05 0.48216 59 4.5 482.4 484.945 134.416 6.20475e-31 1 
0.05 0.48216 66 5 342.53 338.655 103.93 5.42299e-35 1 
0.05 0.48216 73 5.5 257.41 236.496 73.106 4.73973e-39 1 
0.05 0.48216 79 6 181.49 173.846 78.4472 1.57417e-42 1 
0.05 0.48216 86 6.5 122.46 121.403 62.4052 1.37584e-46 1 
0.05 0.48216 93 7 80.51 84.7804 49.4137 1.20249e-50 1 
0.05 0.48216 99 7.5 57.67 62.3214 42.5709 3.99375e-54 1 
0.05 0.48216 106 8 46.56 43.5213 40.9024 3.49056e-58 1 
0.05 0.48216 112 8.5 35.77 31.9922 35.2658 1.15929e-61 1 
0.05 0.48216 119 9 22.75 22.3413 24.7226 1.01323e-65 1 
0.05 0.48216 126 9.5 15.49 15.6018 21.0725 8.85571e-70 1 
0.05 0.48216 132 10 13.01 11.4687 19.8889 2.94118e-73 1 
0.05 0.48216 139 10.5 6.42 8.00905 12.8594 2.57061e-77 1 
0.05 0.48216 146 11 4.63 5.59302 12.2038 2.24673e-81 1 
0.05 0.48216 152 11.5 3.22 4.11138 11.213 7.46191e-85 1 
0.05 0.48216 159 12 3.75 2.87113 13.2026 6.52176e-89 1 
0.05 0.48216 166 12.5 1.38 2.00502 7.14532 5.70006e-93 1 
0.05 0.48216 172 13 1.34 1.47387 5.17343 1.89312e-96 1 
0.05 0.48216 179 13.5 0.12 1.02926 0.851822 1.6546e-100 1 
0.05 0.48216 186 14 0.82 0.718771 6.07187 1.44613e-104 1 
0.05 0.48216 192 14.5 0.06 0.528363 0.596992 4.80293e-108 1 
0.05 0.48216 199 15 0.08 0.368975 0.79599 4.19779e-112 1 
0.05 0.48216 205 15.5 0.17 0.271231 1.69148 1.39418e-115 1 
0.05 0.48216 212 16 0.96 0.189411 7.29098 1.21852e-119 1 
0.05 0.48216 219 16.5 0.23 0.132272 2.28847 1.065e-123 1 
0.05 0.48216 225 17 0 0.0972324 0 3.5371e-127 1 
0.05 0.48216 232 17.5 0.04 0.067901 0.397995 3.09145e-131 1 
0.05 0.48216 239 18 0 0.0474178 0 2.70195e-135 1 
0.05 0.48216 245 18.5 0 0.0348565 0 8.97378e-139 1 
0.05 0.48216 252 19 0 0.0243416 0 7.84314e-143 1 
0.05 0.48216 259 19.5 0 0.0169986 0 6.85496e-147 1 
0.05 0.48216 265 20 0 0.0124956 0 2.27669e-150 1 
0.05 0.48216 272 20.5 0 0.00872611 0 1.98984e-154 1 
0.05 0.48216 279 21 0 0.00609377 0 1.73913e-158 1 
0.05 0.48216 285 21.5 0 0.00447948 0 5.77606e-162 1 
0.05 0.48216 292 22 0 0.00312819 0 5.04831e-166 1 
0.05 0.48216 298 22.5 0 0.00229951 0 1.67666e-169 1 
0.05 0.48216 305 23 0 0.00160583 0 1.46541e-173 1 
0.05 0.48216 312 23.5 0 0.00112141 0 1.28078e-177 1 
0.05 0.48216 318 24 0 0.00082434 0 4.25376e-181 1 
0.05 0.48216 325 24.5 0 0.000575668 0 3.71781e-185 1 
0.05 0.48216 332 25 0 0.00040201 0 3.24939e-189 1 
0.05 0.48216 338 25.5 0 0.000295514 0 1.0792e-192 1 
0.05 0.48216 345 26 0 0.000206369 0 9.43226e-197 1 
0.05 0.48216 352 26.5 0 0.000144115 0 8.24386e-201 1 
0.05 0.48216 358 27 0 0.000105938 0 2.73797e-204 1 
0.05 0.48216 365 27.5 0 7.39803e-05 0 2.39301e-208 1 
0.05 0.48216 372 28 0 5.16632e-05 0 2.0915e-212 1 
0.05 0.48216 378 28.5 0 3.79772e-05 0 6.94636e-216 1 
0.05 0.48216 385 29 0 2.65209e-05 0 6.07116e-220 1 
0.05 0.48216 391 29.5 0 1.94953e-05 0 2.01637e-223 1 
0.05 0.48216 398 30 0 1.36143e-05 0 1.76232e-227 1 
0.05 0.48216 405 30.5 0 9.50736e-06 0 1.54028e-231 1 
0.05 0.48216 411 31 0 6.98879e-06 0 5.11562e-235 1 
0.05 0.48216 418 31.5 0 4.88053e-06 0 4.47109e-239 1 
0.05 0.48216 425 32 0 3.40826e-06 0 3.90776e-243 1 
0.05 0.48216 431 32.5 0 2.50538e-06 0 1.29786e-246 1 
0.05 0.48216 438 33 0 1.7496e-06 0 1.13433e-250 1 
0.05 0.48216 445 33.5 0 1.22181e-06 0 9.91416e-255 1 
0.05 0.48216 451 34 0 8.98144e-07 0 3.29272e-258 1 
0.05 0.48216 458 34.5 0 6.27207e-07 0 2.87786e-262 1 
0.05 0.48216 465 35 0 4.38002e-07 0 2.51527e-266 1 
0.05 0.48216 471 35.5 0 3.21972e-07 0 8.35377e-270 1 
0.05 0.48216 478 36 0 2.24845e-07 0 7.30125e-274 1 
0.05 0.48216 485 36.5 0 1.57018e-07 0 6.38134e-278 1 
0.05 0.48216 491 37 0 1.15422e-07 0 2.11939e-281 1 
0.05 0.48216 498 37.5 0 8.06033e-08 0 1.85236e-285 1 
0.05 0.48216 504 38 0 5.92515e-08 0 6.15211e-289 1 
0.05 0.48216 511 38.5 0 4.13769e-08 0 5.37698e-293 1 
0.05 0.48216 518 39 0 2.88958e-08 0 4.69952e-297 1 
0.05 0.48216 524 39.5 0 2.12408e-08 0 1.56082e-300 1 
0.05 0.48216 531 40 0 1.48337e-08 0 1.36416e-304 1 
0.05 0.48216 538 40.5 0 1.03584e-08 0 0 1 
0.05 0.48216 544 41 0 7.61502e-09 0 0 1 
0.05 0.48216 551 41.5 0 5.31797e-09 0 0 1 
0.05 0.48216 558 42 0 3.7137e-09 0 0 1 
0.05 0.48216 564 42.5 0 2.73004e-09 0 0 1 
0.05 0.48216 571 43 0 1.90625e-09 0 0 1 
0.05 0.48216 578 43.5 0 1.33116e-09 0 0 1 
0.05 0.48216 584 44 0 9.78106e-10 0 0 1 
0.05 0.48216 591 44.5 0 6.83897e-10 0 0 1 
0.05 0.48216 597 45 0 5.01821e-10 0 0 1 
0.05 0.48216 604 45.5 0 3.5083e-10 0 0 1 
0.05 0.48216 611 46 0 2.45359e-10 0 0 1 
0.05 0.48216 617 46.5 0 1.79856e-10 0 0 1 
0.05 0.48216 624 47 0 1.25455e-10 0 0 1 
0.05 0.48216 631 47.5 0 8.77076e-11 0 0 1 
0.05 0.48216 637 48 0 6.43929e-11 0 0 1 
0.05 0.48216 644 48.5 0 4.55191e-11 0 0 1 
0.05 0.48216 651 49 0 3.10862e-11 0 0 1 
0.05 0.48216 657 49.5 0 2.33147e-11 0 0 1 
0.05 0.48216 664 50 0 1.66533e-11 0 0 1 
