0.5 0.333333 6 0.5 3416.47 156.25 23.681 156.234 1 
0.5 0.333333 13 1 3.16 1.2207 2.81681 1.22058 1 
0.5 0.333333 19 1.5 0 0.0190735 0 0.0190716 1 
0.5 0.333333 26 2 0 0.000149012 0 0.000148997 1 
0.5 0.333333 33 2.5 0 1.16415e-06 0 1.16404e-06 1 
0.5 0.333333 39 3 0 1.81899e-08 0 1.81881e-08 1 
0.5 0.333333 46 3.5 0 1.42109e-10 0 1.42094e-10 1 
0.5 0.333333 53 4 0 1.11022e-12 0 1.11011e-12 1 
0.5 0.333333 59 4.5 0 0 0 1.73455e-14 1 
0.5 0.333333 66 5 0 0 0 1.35512e-16 1 
0.5 0.333333 73 5.5 0 0 0 1.05869e-18 1 
0.5 0.333333 79 6 0 0 0 1.6542e-20 1 
0.5 0.333333 86 6.5 0 0 0 1.29234e-22 1 
0.5 0.333333 93 7 0 0 0 1.00964e-24 1 
0.5 0.333333 99 7.5 0 0 0 1.57756e-26 1 
0.5 0.333333 106 8 0 0 0 1.23247e-28 1 
0.5 0.333333 112 8.5 0 0 0 1.92574e-30 1 
0.5 0.333333 119 9 0 0 0 1.50448e-32 1 
0.5 0.333333 126 9.5 0 0 0 1.17538e-34 1 
0.5 0.333333 132 10 0 0 0 1.83653e-36 1 
0.5 0.333333 139 10.5 0 0 0 1.43479e-38 1 
0.5 0.333333 146 11 0 0 0 1.12093e-40 1 
0.5 0.333333 152 11.5 0 0 0 1.75145e-42 1 
0.5 0.333333 159 12 0 0 0 1.36832e-44 1 
0.5 0.333333 166 12.5 0 0 0 1.069e-46 1 
0.5 0.333333 172 13 0 0 0 1.67031e-48 1 
0.5 0.333333 179 13.5 0 0 0 1.30493e-50 1 
0.5 0.333333 186 14 0 0 0 1.01948e-52 1 
0.5 0.333333 192 14.5 0 0 0 1.59293e-54 1 
0.5 0.333333 199 15 0 0 0 1.24448e-56 1 
0.5 0.333333 205 15.5 0 0 0 1.9445e-58 1 
0.5 0.333333 212 16 0 0 0 1.51914e-60 1 
0.5 0.333333 219 16.5 0 0 0 1.18683e-62 1 
0.5 0.333333 225 17 0 0 0 1.85442e-64 1 
0.5 0.333333 232 17.5 0 0 0 1.44876e-66 1 
0.5 0.333333 239 18 0 0 0 1.13185e-68 1 
0.5 0.333333 245 18.5 0 0 0 1.76851e-70 1 
0.5 0.333333 252 19 0 0 0 1.38165e-72 1 
0.5 0.333333 259 19.5 0 0 0 1.07941e-74 1 
0.5 0.333333 265 20 0 0 0 1.68658e-76 1 
0.5 0.333333 272 20.5 0 0 0 1.31764e-78 1 
0.5 0.333333 279 21 0 0 0 1.02941e-80 1 
0.5 0.333333 285 21.5 0 0 0 1.60845e-82 1 
0.5 0.333333 292 22 0 0 0 1.2566e-84 1 
0.5 0.333333 298 22.5 0 0 0 1.96344e-86 1 
0.5 0.333333 305 23 0 0 0 1.53394e-88 1 
0.5 0.333333 312 23.5 0 0 0 1.19839e-90 1 
0.5 0.333333 318 24 0 0 0 1.87248e-92 1 
0.5 0.333333 325 24.5 0 0 0 1.46288e-94 1 
0.5 0.333333 332 25 0 0 0 1.14287e-96 1 
0.5 0.333333 338 25.5 0 0 0 1.78574e-98 1 
0.5 0.333333 345 26 0 0 0 1.39511e-100 1 
0.5 0.333333 352 26.5 0 0 0 1.08993e-102 1 
0.5 0.333333 358 27 0 0 0 1.70301e-104 1 
0.5 0.333333 365 27.5 0 0 0 1.33048e-106 1 
0.5 0.333333 372 28 0 0 0 1.03944e-108 1 
0.5 0.333333 378 28.5 0 0 0 1.62412e-110 1 
0.5 0.333333 385 29 0 0 0 1.26884e-112 1 
0.5 0.333333 391 29.5 0 0 0 1.98257e-114 1 
0.5 0.333333 398 30 0 0 0 1.54888e-116 1 
0.5 0.333333 405 30.5 0 0 0 1.21006e-118 1 
0.5 0.333333 411 31 0 0 0 1.89072e-120 1 
0.5 0.333333 418 31.5 0 0 0 1.47713e-122 1 
0.5 0.333333 425 32 0 0 0 1.15401e-124 1 
0.5 0.333333 431 32.5 0 0 0 1.80314e-126 1 
0.5 0.333333 438 33 0 0 0 1.4087e-128 1 
0.5 0.333333 445 33.5 0 0 0 1.10055e-130 1 
0.5 0.333333 451 34 0 0 0 1.7196e-132 1 
0.5 0.333333 458 34.5 0 0 0 1.34344e-134 1 
0.5 0.333333 465 35 0 0 0 1.04956e-136 1 
0.5 0.333333 471 35.5 0 0 0 1.63994e-138 1 
0.5 0.333333 478 36 0 0 0 1.28121e-140 1 
0.5 0.333333 485 36.5 0 0 0 1.00094e-142 1 
0.5 0.333333 491 37 0 0 0 1.56397e-144 1 
0.5 0.333333 498 37.5 0 0 0 1.22185e-146 1 
0.5 0.333333 504 38 0 0 0 1.90914e-148 1 
0.5 0.333333 511 38.5 0 0 0 1.49152e-150 1 
0.5 0.333333 518 39 0 0 0 1.16525e-152 1 
0.5 0.333333 524 39.5 0 0 0 1.8207e-154 1 
0.5 0.333333 531 40 0 0 0 1.42242e-156 1 
0.5 0.333333 538 40.5 0 0 0 1.11127e-158 1 
0.5 0.333333 544 41 0 0 0 1.73636e-160 1 
0.5 0.333333 551 41.5 0 0 0 1.35653e-162 1 
0.5 0.333333 558 42 0 0 0 1.05979e-164 1 
0.5 0.333333 564 42.5 0 0 0 1.65592e-166 1 
0.5 0.333333 571 43 0 0 0 1.29369e-168 1 
0.5 0.333333 578 43.5 0 0 0 1.01069e-170 1 
0.5 0.333333 584 44 0 0 0 1.57921e-172 1 
0.5 0.333333 591 44.5 0 0 0 1.23376e-174 1 
0.5 0.333333 597 45 0 0 0 1.92774e-176 1 
0.5 0.333333 604 45.5 0 0 0 1.50605e-178 1 
0.5 0.333333 611 46 0 0 0 1.1766e-180 1 
0.5 0.333333 617 46.5 0 0 0 1.83844e-182 1 
0.5 0.333333 624 47 0 0 0 1.43628e-184 1 
0.5 0.333333 631 47.5 0 0 0 1.12209e-186 1 
0.5 0.333333 637 48 0 0 0 1.75327e-188 1 
0.5 0.333333 644 48.5 0 0 0 1.36974e-190 1 
0.5 0.333333 651 49 0 0 0 1.07011e-192 1 
0.5 0.333333 657 49.5 0 0 0 1.67205e-194 1 
0.5 0.333333 664 50 0 0 0 1.30629e-196 1 
