0.05 0.48216 664 50 0 1.66533e-11 0 0 1 
0.05 0.48216 671 50.5 0 1.11022e-11 0 0 1 
0.05 0.48216 677 51 0 7.77156e-12 0 0 1 
0.05 0.48216 684 51.5 0 5.55112e-12 0 0 1 
0.05 0.48216 690 52 0 4.44089e-12 0 0 1 
0.05 0.48216 697 52.5 0 3.33067e-12 0 0 1 
0.05 0.48216 704 53 0 2.22045e-12 0 0 1 
0.05 0.48216 710 53.5 0 1.11022e-12 0 0 1 
0.05 0.48216 717 54 0 1.11022e-12 0 0 1 
0.05 0.48216 724 54.5 0 1.11022e-12 0 0 1 
0.05 0.48216 730 55 0 0 0 0 1 
0.05 0.48216 737 55.5 0 0 0 0 1 
0.05 0.48216 744 56 0 0 0 0 1 
0.05 0.48216 750 56.5 0 0 0 0 1 
0.05 0.48216 757 57 0 0 0 0 1 
0.05 0.48216 764 57.5 0 0 0 0 1 
0.05 0.48216 770 58 0 0 0 0 1 
0.05 0.48216 777 58.5 0 0 0 0 1 
0.05 0.48216 783 59 0 0 0 0 1 
0.05 0.48216 790 59.5 0 0 0 0 1 
0.05 0.48216 797 60 0 0 0 0 1 
0.05 0.48216 803 60.5 0 0 0 0 1 
0.05 0.48216 810 61 0 0 0 0 1 
0.05 0.48216 817 61.5 0 0 0 0 1 
0.05 0.48216 823 62 0 0 0 0 1 
0.05 0.48216 830 62.5 0 0 0 0 1 
0.05 0.48216 837 63 0 0 0 0 1 
0.05 0.48216 843 63.5 0 0 0 0 1 
0.05 0.48216 850 64 0 0 0 0 1 
0.05 0.48216 857 64.5 0 0 0 0 1 
0.05 0.48216 863 65 0 0 0 0 1 
0.05 0.48216 870 65.5 0 0 0 0 1 
0.05 0.48216 876 66 0 0 0 0 1 
0.05 0.48216 883 66.5 0 0 0 0 1 
0.05 0.48216 890 67 0 0 0 0 1 
0.05 0.48216 896 67.5 0 0 0 0 1 
0.05 0.48216 903 68 0 0 0 0 1 
0.05 0.48216 910 68.5 0 0 0 0 1 
0.05 0.48216 916 69 0 0 0 0 1 
0.05 0.48216 923 69.5 0 0 0 0 1 
0.05 0.48216 930 70 0 0 0 0 1 
0.05 0.48216 936 70.5 0 0 0 0 1 
0.05 0.48216 943 71 0 0 0 0 1 
0.05 0.48216 950 71.5 0 0 0 0 1 
0.05 0.48216 956 72 0 0 0 0 1 
0.05 0.48216 963 72.5 0 0 0 0 1 
0.05 0.48216 970 73 0 0 0 0 1 
0.05 0.48216 976 73.5 0 0 0 0 1 
0.05 0.48216 983 74 0 0 0 0 1 
0.05 0.48216 989 74.5 0 0 0 0 1 
0.05 0.48216 996 75 0 0 0 0 1 
0.05 0.48216 1003 75.5 0 0 0 0 1 
0.05 0.48216 1009 76 0 0 0 0 1 
0.05 0.48216 1016 76.5 0 0 0 0 1 
0.05 0.48216 1023 77 0 0 0 0 1 
0.05 0.48216 1029 77.5 0 0 0 0 1 
0.05 0.48216 1036 78 0 0 0 0 1 
0.05 0.48216 1043 78.5 0 0 0 0 1 
0.05 0.48216 1049 79 0 0 0 0 1 
0.05 0.48216 1056 79.5 0 0 0 0 1 
0.05 0.48216 1063 80 0 0 0 0 1 
0.05 0.48216 1069 80.5 0 0 0 0 1 
0.05 0.48216 1076 81 0 0 0 0 1 
0.05 0.48216 1082 81.5 0 0 0 0 1 
0.05 0.48216 1089 82 0 0 0 0 1 
0.05 0.48216 1096 82.5 0 0 0 0 1 
0.05 0.48216 1102 83 0 0 0 0 1 
0.05 0.48216 1109 83.5 0 0 0 0 1 
0.05 0.48216 1116 84 0 0 0 0 1 
0.05 0.48216 1122 84.5 0 0 0 0 1 
0.05 0.48216 1129 85 0 0 0 0 1 
0.05 0.48216 1136 85.5 0 0 0 0 1 
0.05 0.48216 1142 86 0 0 0 0 1 
0.05 0.48216 1149 86.5 0 0 0 0 1 
0.05 0.48216 1156 87 0 0 0 0 1 
0.05 0.48216 1162 87.5 0 0 0 0 1 
0.05 0.48216 1169 88 0 0 0 0 1 
0.05 0.48216 1175 88.5 0 0 0 0 1 
0.05 0.48216 1182 89 0 0 0 0 1 
0.05 0.48216 1189 89.5 0 0 0 0 1 
0.05 0.48216 1195 90 0 0 0 0 1 
0.05 0.48216 1202 90.5 0 0 0 0 1 
0.05 0.48216 1209 91 0 0 0 0 1 
0.05 0.48216 1215 91.5 0 0 0 0 1 
0.05 0.48216 1222 92 0 0 0 0 1 
