100 0.01 1 4 4 0 99 0 0.96 
100 0.01 2 16 15.92 0.079986 98.01 0 0.6 
100 0.01 3 51 49.8198 1.18017 97.0299 0 0.201043 
100 0.01 4 79 77.8889 1.11108 96.0596 0 0.0572278 
100 0.01 5 87 86.0671 0.932931 95.099 0 0.0274681 
100 0.01 6 100 99.8731 0.12691 94.148 0 0 
100 0.01 7 93 92.865 0.135034 93.2065 0 0.0103137 
100 0.01 8 92 91.9743 0.0257188 92.2745 0 0.0103686 
100 0.01 9 91 nan nan 91.3517 0 0.0104243 
100 0.01 10 100 99.8949 0.1051 90.4382 0 0 
100 0.01 11 100 99.1122 0.887815 89.5338 0 0 
100 0.01 12 100 99.4941 0.505924 88.6385 0 0 
100 0.01 13 100 99.6282 0.371768 87.7521 0 0 
100 0.01 14 86 85.5658 0.434191 86.8746 0 0.0107152 
100 0.01 15 85 84.4402 0.559818 86.0058 0 0.0107761 
100 0.01 16 86 85.2837 0.716278 85.1458 0 0.00938214 
100 0.01 17 72 71.2613 0.738714 84.2943 0 0.0191383 
100 0.01 18 100 nan nan 83.4514 0 0 
100 0.01 19 48 47.061 0.939 82.6169 0 0.0378933 
100 0.01 20 96 94.3642 1.6358 81.7907 0 0.00203902 
100 0.01 21 100 97.3579 2.64209 80.9728 0 0 
100 0.01 22 69 66.5954 2.40457 80.1631 0 0.0167251 
100 0.01 23 64 62.1747 1.82531 79.3614 0 0.0192167 
100 0.01 24 100 96.9349 3.06509 78.5678 0 0 
100 0.01 25 100 96.3371 3.66287 77.7821 0 0 
100 0.01 26 36 34.6669 1.33313 77.0043 0 0.0385323 
100 0.01 27 100 96.2144 3.78557 76.2343 0 0 
100 0.01 28 72 69.0217 2.97829 75.4719 0 0.0116637 
100 0.01 29 37 35.4164 1.58358 74.7172 0 0.0337035 
100 0.01 30 56 53.2162 2.78383 73.97 0 0.0191417 
100 0.01 31 100 94.8836 5.11643 73.2303 0 0 
100 0.01 32 68 64.4484 3.55162 72.498 0 0.0119796 
100 0.01 33 34 32.1163 1.88367 71.7731 0 0.0321626 
100 0.01 34 100 94.1414 5.85858 71.0553 0 0 
100 0.01 35 81 75.9974 5.00264 70.3448 0 0.00600251 
100 0.01 36 90 84.0477 5.95229 69.6413 0 0.0029224 
100 0.01 37 100 93.0828 6.91716 68.9449 0 0 
100 0.01 38 100 nan nan 68.2555 0 0 
100 0.01 39 100 nan nan 67.5729 0 0 
100 0.01 40 100 92.0555 7.94448 66.8972 0 0 
100 0.01 41 1 0.9193 0.0807005 66.2282 0 0.106243 
100 0.01 42 100 nan nan 65.5659 0 0 
100 0.01 43 15 13.6965 1.30352 64.9103 0 0.04316 
100 0.01 44 13 11.8304 1.16964 64.2612 0 0.0453101 
100 0.01 45 68 61.6744 6.32557 63.6185 0 0.00853366 
100 0.01 46 54 48.8128 5.18721 62.9824 0 0.013306 
100 0.01 47 64 57.5707 6.42935 62.3525 0 0.00945053 
100 0.01 48 64 57.3024 6.6976 61.729 0 0.00925456 
100 0.01 49 0 0 0 61.1117 0 1 
100 0.01 50 31 27.6542 3.34583 60.5006 0 0.0231515 
100 0.01 51 41 36.4557 4.54435 59.8956 0 0.0173304 
100 0.01 52 19 16.8393 2.16068 59.2966 0 0.0314325 
100 0.01 53 47 41.1072 5.89279 58.7037 0 0.0141447 
100 0.01 54 100 88.0593 11.9407 58.1166 0 0 
100 0.01 55 37 32.4782 4.52181 57.5355 0 0.0179149 
100 0.01 56 100 nan nan 56.9601 0 0 
100 0.01 57 2 1.74452 0.255481 56.3905 0 0.0663298 
100 0.01 58 26 nan nan 55.8266 0 0.0229578 
100 0.01 59 26 22.5377 3.46229 55.2683 0 0.0225731 
100 0.01 60 53 45.8006 7.19939 54.7157 0 0.0105255 
100 0.01 61 39 33.3852 5.61481 54.1685 0 0.0153177 
100 0.01 62 86 73.865 12.135 53.6268 0 0.00242967 
100 0.01 63 37 31.6831 5.31688 53.0906 0 0.0156579 
100 0.01 64 0 0 0 52.5596 0 1 
100 0.01 65 21 17.875 3.12505 52.0341 0 0.023724 
100 0.01 66 23 19.5194 3.48059 51.5137 0 0.0220217 
100 0.01 67 58 49.0783 8.92172 50.9986 0 0.0080973 
100 0.01 68 89 75.0275 13.9725 50.4886 0 0.00171226 
100 0.01 69 100 84.1266 15.8734 49.9837 0 0 
100 0.01 70 64 53.6862 10.3138 49.4839 0 0.00635525 
100 0.01 71 100 83.4075 16.5925 48.989 0 0 
100 0.01 72 52 43.3722 8.62777 48.4991 0 0.00904119 
100 0.01 73 23 19.1299 3.87011 48.0141 0 0.0199312 
100 0.01 74 2 1.65882 0.341179 47.534 0 0.0514921 
100 0.01 75 0 0 0 47.0587 0 1 
100 0.01 76 35 28.8691 6.13087 46.5881 0 0.0137185 
100 0.01 77 41 33.7257 7.27434 46.1222 0 0.0115124 
100 0.01 78 0 0 0 45.661 0 1 
100 0.01 79 0 0 0 45.2044 0 1 
100 0.01 80 65 52.6428 12.3572 44.7523 0 0.00537031 
100 0.01 81 55 44.5536 10.4464 44.3048 0 0.00735353 
100 0.01 82 0 0 0 43.8618 0 1 
100 0.01 83 100 80.8077 19.1923 43.4231 0 0 
100 0.01 84 72 58.1328 13.8672 42.9889 0 0.00390313 
100 0.01 85 26 20.9382 5.06177 42.559 0 0.015723 
100 0.01 86 0 0 0 42.1334 0 1 
100 0.01 87 35 27.997 7.00303 41.7121 0 0.0119944 
100 0.01 88 0 0 0 41.295 0 1 
100 0.01 89 34 26.9283 7.07172 40.882 0 0.0120483 
100 0.01 90 75 59.6392 15.3608 40.4732 0 0.00319136 
100 0.01 91 87 69.0106 17.9894 40.0685 0 0.00152918 
100 0.01 92 62 49.0591 12.9409 39.6678 0 0.00518257 
100 0.01 93 49 38.6779 10.3221 39.2711 0 0.00764109 
100 0.01 94 0 0 0 38.8784 0 1 
100 0.01 95 0 0 0 38.4896 0 1 
100 0.01 96 67 52.5054 14.4946 38.1047 0 0.00416295 
100 0.01 97 0 0 0 37.7237 0 1 
100 0.01 98 21 16.3792 4.62082 37.3464 0 0.0157988 
100 0.01 99 55 42.7975 12.2025 36.973 0 0.00602056 
100 0.01 100 0 0 0 36.6032 0 1 
